100
2 3 2
1 1 1
2 1 2
3 2 3
1 28 1
3 1 3
4 20 4
100 3 100
13 4 13
20 10 20
14 5 14
38 11 38
7 12 7
4 2 4
7 8 7
100 4 100
14 7 14
79 4 79
18 13 18
36 9 36
2 4 2
65 9 65
32 4 32
1 65 1
45 3 45
23 10 23
1 77 1
100 1 100
1 88 1
1 2 1
3 4 3
1 90 1
3 37 3
12 8 12
4 29 4
90 4 90
7 1 7
9 4 9
72 7 72
25 5 25
19 4 19
33 9 33
7 21 7
64 1 64
55 1 55
100 9 100
3 3 3
86 8 86
91 2 91
2 35 2
2 41 2
1 55 1
55 5 55
2 15 2
53 3 53
4 3 4
99 1 99
7 15 7
25 1 25
74 6 74
1 91 1
60 2 60
60 3 60
10 18 10
66 9 66
5 19 5
6 11 6
17 14 17
5 7 5
85 4 85
1 4 1
2 2 2
11 16 11
59 6 59
1 3 1
4 4 4
1 100 1
26 12 26
35 9 35
2 38 2
52 5 52
7 6 7
80 8 80
4 1 4
86 2 86
2 59 2
2 58 2
67 8 67
1 74 1
16 5 16
10 5 10
15 2 15
5 9 5
11 11 11
22 7 22
74 4 74
65 1 65
10 9 10
100 2 100
